0: 384x640 1 ball, 1 goalkeeper, 19 players, 3 referees, 116.5ms
1: 384x640 1 ball, 1 goalkeeper, 19 players, 3 referees, 116.5ms
2: 384x640 1 goalkeeper, 20 players, 3 referees, 116.5ms   
3: 384x640 1 ball, 1 goalkeeper, 20 players, 3 referees, 116.5ms
4: 384x640 1 ball, 1 goalkeeper, 20 players, 3 referees, 116.5ms
5: 384x640 1 goalkeeper, 20 players, 3 referees, 116.5ms   
6: 384x640 1 goalkeeper, 19 players, 3 referees, 116.5ms   
7: 384x640 1 ball, 1 goalkeeper, 19 players, 3 referees, 116.5ms
8: 384x640 1 ball, 1 goalkeeper, 19 players, 3 referees, 116.5ms
9: 384x640 1 ball, 1 goalkeeper, 20 players, 3 referees, 116.5ms
10: 384x640 1 goalkeeper, 19 players, 3 referees, 116.5ms  
11: 384x640 19 players, 3 referees, 116.5ms
12: 384x640 19 players, 3 referees, 116.5ms
13: 384x640 20 players, 3 referees, 116.5ms
14: 384x640 1 ball, 20 players, 3 referees, 116.5ms        
15: 384x640 19 players, 3 referees, 116.5ms
16: 384x640 19 players, 3 referees, 116.5ms
17: 384x640 20 players, 3 referees, 116.5ms
18: 384x640 1 ball, 1 goalkeeper, 20 players, 3 referees, 116.5ms
19: 384x640 1 ball, 1 goalkeeper, 20 players, 3 referees, 116.5ms
Speed: 4.7ms preprocess, 116.5ms inference, 2.4ms postprocess per image at shape (1, 3, 384, 640)
Detections(xyxy=array([[     994.75,       454.5,      1028.3,      526.17],
       [     872.04,      362.27,      904.62,      423.84],
       [     587.78,      588.98,      629.43,      672.13],
       [     359.93,      720.41,      395.65,       824.7],
       [     375.78,      307.05,      400.41,      367.48],
       [     329.05,      495.43,      362.86,      568.53],
       [     1308.9,      446.56,      1351.8,      516.71],
       [     1572.3,      610.49,        1613,      695.27],
       [     1853.2,      807.99,      1893.3,      919.58],
       [     847.68,      634.16,      899.86,      721.09],
       [     533.61,      687.33,      577.95,      784.92],
       [     222.47,      513.29,      255.89,      594.11],
       [     1231.1,      431.18,      1263.7,      500.66],
       [     1125.2,      706.04,      1188.6,      796.45],
       [     1371.5,      816.86,      1442.8,      903.83],
       [     1161.4,      355.46,      1187.5,      413.86],
       [     775.39,      419.39,      805.57,      488.81],
       [     1277.3,      392.63,      1307.5,      462.38],
       [     777.15,      367.47,      801.97,      424.75],
       [     1902.4,      378.23,        1920,      444.05],
       [     310.13,      230.26,      326.96,      272.69],
       [     1185.8,      850.64,      1203.4,      867.58],
       [     1136.7,      711.77,      1202.4,      796.95],
       [     776.66,      368.87,      802.96,      424.8413678],.7429,     0.73974,      0.2656,     0.20564,     0.1
      dtype=float32), class_id=array([2, 2, 2, 2, 2, 2, 2,0')})r', 'referee', 'ball', 'player', 'player'], dtype='<U10
Detections(xyxy=array([[     994.68,      454.49,      1028.3,      526.24],
       [     871.98,      362.31,      904.65,      423.77],
       [     587.74,      588.98,      629.42,      672.13],
       [     359.91,      720.44,      395.66,      824.71],
       [     375.84,      307.03,      400.38,      367.47],
       [     329.04,      495.36,      362.84,      568.53],
       [     1308.9,      446.52,      1351.8,      516.73],
       [     1572.3,       610.6,      1613.1,      695.31],
       [     1853.1,      807.92,      1893.4,       919.6],
       [     847.65,      633.99,      899.85,      721.08],
       [     533.63,      687.31,      578.01,       784.9],
       [     222.48,      513.24,      255.84,      594.07],
       [     1231.1,      431.13,      1263.7,      500.68],
       [     1125.2,      706.02,      1188.2,      796.44],
       [     1371.5,      816.88,      1442.9,      903.86],
       [     1161.3,      355.43,      1187.5,      413.78],
       [      775.2,      419.92,      804.99,      489.66],
       [     1277.3,       392.6,      1307.5,      462.39],
       [     777.12,      367.04,      801.87,      424.65],
       [     1902.4,      378.28,        1920,      444.08],
       [     310.08,      230.09,      326.97,       272.6],
       [     1185.7,      850.57,      1203.4,      867.78],
       [     1137.5,      711.76,      1202.2,      796.95],
       [     776.59,      368.44,       802.9,      424.7612586],73953,     0.73564,     0.24782,     0.20408,     0.1
      dtype=float32), class_id=array([2, 2, 2, 2, 2, 2, 2,0')})r', 'referee', 'ball', 'player', 'player'], dtype='<U10
Detections(xyxy=array([[      996.8,      455.19,      1028.6,         526],
       [     875.08,      362.15,      905.15,      424.39],
       [      596.1,      591.18,      637.32,      672.18],
       [     1230.6,      430.81,      1268.2,      501.76],
       [     359.46,      722.54,      396.63,      825.68],
       [     1574.8,      611.26,      1616.6,      695.18],
       [     375.67,      307.37,      400.24,      367.08],
       [     330.86,      494.99,      363.95,      568.38],
       [     534.92,      688.71,      578.88,      785.81],
       [       1853,      808.06,      1892.9,      919.31],
       [     223.29,      513.49,      256.05,      595.93],
       [     1310.5,      447.05,        1354,      517.02],
       [     860.01,      637.67,      905.62,      723.92],
       [     1124.5,      707.14,      1194.9,      797.46],
       [     1370.3,      816.64,        1434,      904.48],
       [     1279.9,      393.14,      1310.3,       465.4],
       [     775.62,       420.1,      805.58,      489.71],
       [     1166.2,      355.19,        1190,      413.69],
       [     776.88,       367.1,      800.54,      424.53],
       [     312.01,      229.64,      328.29,      272.33],
       [     1902.3,      379.07,        1920,      440.61],
       [     1095.8,      305.34,      1116.9,      359.13],
       [     1142.5,      714.93,      1203.4,      797.99],
       [     776.29,      368.58,      802.36,      424.5712331],77246,     0.68011,     0.24597,     0.21202,     0.1
      dtype=float32), class_id=array([2, 2, 2, 2, 2, 2, 2,U10')})goalkeeper', 'player', 'player', 'player'], dtype='<U
Detections(xyxy=array([[     997.13,      455.58,        1030,      527.65],
       [     1232.2,      431.19,      1268.2,      502.16],
       [      359.4,      722.81,      396.98,      828.08],
       [      879.2,      362.07,      907.03,      423.78],
       [     1580.1,      612.12,      1619.8,      699.26],
       [     333.08,       494.8,      365.64,      569.29],
       [     602.53,      591.43,      640.92,      672.41],
       [     375.59,      307.89,      400.18,      367.46],
       [     535.41,      689.68,      579.11,      786.11],
       [     224.22,      514.95,      257.54,      595.48],
       [     1170.6,      354.95,      1193.4,      410.07],
       [     869.18,      639.93,      910.87,      726.22],
       [     1853.2,      808.07,      1892.4,      919.13],
       [       1313,      448.55,      1358.1,      517.28],
       [     1373.7,       816.8,      1431.8,      905.66],
       [       1124,      706.17,      1187.6,      795.13],
       [     776.08,         368,       800.1,      425.28],
       [     1279.9,      393.25,        1314,      463.19],
       [     775.59,      419.97,      805.06,      488.75],
       [     312.98,      230.18,      329.58,      272.74],
       [     1161.4,      721.41,      1207.2,       797.8],
       [     1199.8,      859.49,      1216.1,      875.57],
       [     1903.1,      379.38,        1920,      435.46],
       [     1097.4,      306.13,        1117,      362.01],
       [       1135,      709.64,      1204.2,      797.3935869, 0.736,     0.71884,     0.63715,     0.59825,     0.3
           0.25136], dtype=float32), class_id=array([2, 2,ayer', 'player'], dtype='<U10')}) 'ball', 'goalkeeper', 'pla
Detections(xyxy=array([[     358.33,      726.24,      396.86,      831.41],
       [     999.31,      456.21,      1030.3,      528.51],
       [     1234.2,      431.44,      1268.4,      501.53],
       [     1371.8,      819.33,      1417.5,      905.86],
       [     1583.6,      613.72,      1622.4,      706.73],
       [     334.32,      495.09,      365.58,      569.03],
       [     883.54,      360.71,      908.71,      424.06],
       [     224.52,      515.61,      257.96,      596.14],
       [     1314.6,       449.5,      1361.6,      517.24],
       [     535.89,      690.43,      578.38,      786.52],
       [     373.26,      307.59,      399.24,      367.27],
       [     604.84,      592.13,      643.93,      672.36],
       [     1170.7,      354.59,      1195.9,      412.53],
       [     880.02,      641.43,      916.48,      724.59],
       [     1852.5,      808.17,      1891.7,      918.62],
       [     774.65,      368.56,       798.2,      426.33],
       [     1279.9,      393.58,      1314.9,      465.81],
       [     1097.6,      306.93,      1117.8,      359.87],
       [     775.93,      420.89,      806.58,      489.54],
       [     312.96,      230.26,      330.28,      272.51],
2, 2, 2, 2, 2, 2, 2, 2, 2, 2, 2, 2, 3, 3, 2, 2, 2, 3, 2, 2, 1, 2, 0]), tracker_id=None, data={'class_name': array(['player', 'player', 'player', 'player', 'player', 'player', 'player', 'player', 'player', 'player', 'player', 'player', 'player', 'player', 'referee', 'referee', 'player', 'player', 'player', 'referee', 'player', 'player', 'goalkeeper', 'player', 'ball'], dtype='<U10')})
Detections(xyxy=array([[     1000.2,      457.58,      1031.1,      528.65],
       [     358.48,      730.29,      396.77,      834.28],
       [     887.45,      360.41,      911.31,      423.28],
       [       1172,      353.71,      1199.9,      413.52],
       [     225.68,      516.51,      259.31,      597.65],
       [     1365.5,      820.85,      1408.5,      906.73],
       [        890,       639.7,      924.33,      725.89],
       [     607.89,      592.06,      645.64,      675.44],
       [     1239.1,      431.84,        1270,      501.15],
       [     538.53,      690.33,      579.15,      786.23],
       [       1327,      448.73,      1365.2,         516],
       [       1587,       616.6,      1624.9,      711.97],
       [     372.63,      307.51,      398.53,      367.68],
       [     338.21,      494.43,      366.76,      569.16],
       [     1852.8,      808.44,      1891.5,      917.31],
       [     1096.8,       307.6,      1118.6,      359.96],
       [     1280.6,      395.29,      1316.9,      465.48],
       [     774.34,      369.62,       797.5,      427.49],
       [     312.77,       228.9,      330.38,      272.62],
       [     776.16,      421.83,       806.5,      489.21],
       [       1141,      707.86,      1212.1,      798.77],
       [     1903.4,      379.89,        1920,      435.31],
       [     1162.6,      711.59,      1213.6,      798.47],
       [       1130,      707.59,      1196.3,      796.59]], dtype=float32), mask=None, confidence=array([    0.90527,     0.90403,     0.89928,     0.88982,     0.88979,     0.88945,     0.88722,     0.88597,     0.88425,     0.88358,     0.87625,     0.87504,     0.87249,     0.86768,     0.86408,     0.85287,     0.84994,      0.8424,     0.77022,     0.76446,     0.65627,     0.56442,     0.43825,     0.29562],
      dtype=float32), class_id=array([2, 2, 2, 2, 2, 2, 2, 2, 2, 2, 2, 2, 2, 2, 3, 2, 2, 3, 3, 2, 2, 1, 2, 2]), tracker_id=None, data={'class_name': array(['player', 'player', 'player', 'player', 'player', 'player', 'player', 'player', 'player', 'player', 'player', 'player', 'player', 'player', 'referee', 'player', 'player', 'referee', 'referee', 'player', 'player', 'goalkeeper', 'player', 'player'], dtype='<U10')})
Detections(xyxy=array([[     1003.5,      458.19,      1031.7,      528.85],
       [     357.87,      731.94,      397.23,       836.3],
       [     889.39,      360.47,      913.53,      424.26],
       [     226.98,      517.42,      259.45,      598.61],
       [     612.16,      591.62,      652.65,      679.47],
       [     1174.1,      354.13,      1203.6,      413.61],
       [     1348.5,      824.62,      1407.6,      911.22],
       [     539.33,      690.75,      579.09,       786.4],
       [     1590.6,      618.76,      1629.7,      715.21],
       [     895.78,      638.26,      935.51,      726.92],
       [     340.09,      494.44,      370.09,      569.37],
       [     1282.6,      394.09,      1318.7,      465.93],
       [     1329.4,       447.7,      1367.9,      517.25],
       [     1098.4,      308.44,      1120.4,      360.79],
       [     372.29,      307.51,      398.13,      367.69],
       [     774.11,      370.04,      797.59,      429.03],
       [     1851.8,      809.49,      1891.2,      918.49],
       [     1242.7,      431.97,      1271.2,      501.39],
       [     312.95,      228.35,      332.03,      272.48],
       [     777.43,      422.05,      805.68,      488.76],
       [     1155.6,      708.38,      1229.3,      798.15],
       [     1905.3,      379.88,        1920,      442.52],
       [     952.99,       226.1,      973.27,       275.1]], dtype=float32), mask=None, confidence=array([    0.90739,     0.90495,     0.90075,     0.89365,     0.89213,     0.89188,     0.88793,     0.88635,     0.87751,      0.8775,     0.86928,     0.86786,     0.86459,     0.86021,     0.86015,     0.85463,     0.84923,     0.84405,     0.80098,      0.7498,     0.61297,     0.60931,     0.43494],
      dtype=float32), class_id=array([2, 2, 2, 2, 2, 2, 2, 2, 2, 2, 2, 2, 2, 2, 2, 3, 3, 2, 3, 2, 2, 1, 2]), tracker_id=None, data={'class_name': array(['player', 'player', 'player', 'player', 'player', 'player', 'player', 'player', 'player', 'player', 'player', 'player', 'player', 'player', 'player', 'referee', 'referee', 'player', 'referee', 'player', 'player', 'goalkeeper', 'player'], dtype='<U10')})
Detections(xyxy=array([[     1007.1,      460.07,      1033.5,      529.05],
       [     616.52,       593.5,      658.31,       680.1],
       [     891.82,       360.1,       915.4,      425.07],
       [     228.66,      516.65,      259.74,      597.44],
       [     896.17,      637.74,      943.85,      723.97],
       [     1176.5,      354.98,      1207.3,      414.45],
       [     358.79,      732.37,      396.83,      837.11],
       [     539.88,       691.1,      578.78,      786.24],
       [     1334.5,      447.82,      1370.4,      517.61],
       [     341.15,      494.52,      374.06,      569.22],
       [     1596.6,      622.59,      1632.6,       717.9],
       [       1099,      308.48,      1121.3,      360.92],
       [     1341.9,      825.46,      1407.9,      915.41],
       [     1246.7,      431.71,      1274.2,      501.59],
       [     372.51,      307.61,      398.72,      367.48],
       [       1284,      395.06,      1320.8,      466.53],
       [     1851.9,      808.18,      1891.2,      918.45],
       [     774.02,      370.24,      797.25,       430.1],
       [     313.78,       228.5,      332.56,      272.48],
       [      777.8,      421.97,      805.57,      489.69],
       [     1906.1,      381.16,        1920,      442.38],
       [     1162.4,      709.19,      1237.4,      805.29],
       [     953.43,      225.79,      973.41,      275.48],
       [       1221,      876.16,      1237.9,      895.47]], dtype=float32), mask=None, confidence=array([    0.91007,     0.89859,     0.89309,     0.89309,     0.89226,     0.89176,     0.89107,     0.88712,     0.88446,     0.87862,     0.87752,     0.87196,     0.86566,     0.86566,     0.86508,     0.86026,     0.84348,     0.84216,      0.7709,     0.72402,     0.62457,     0.55252,     0.50981,      0.2385],
      dtype=float32), class_id=array([2, 2, 2, 2, 2, 2, 2, 2, 2, 2, 2, 2, 2, 2, 2, 2, 3, 3, 3, 2, 1, 2, 2, 0]), tracker_id=None, data={'class_name': array(['player', 'player', 'player', 'player', 'player', 'player', 'player', 'player', 'player', 'player', 'player', 'player', 'player', 'player', 'player', 'player', 'referee', 'referee', 'referee', 'player', 'goalkeeper', 'player', 'player', 'ball'], dtype='<U10')})
Detections(xyxy=array([[     901.22,      638.29,      955.22,      729.37],
       [     1008.5,      461.08,      1034.6,      529.05],
       [     230.22,      516.55,      260.51,      596.17],
       [     1179.9,      355.82,      1208.9,      415.13],
       [     1337.1,      445.72,      1374.9,      517.98],
       [     621.14,      595.05,      661.96,      683.19],
       [     1599.1,       625.6,      1639.1,      719.36],
       [     893.61,      362.51,      918.12,      425.14],
       [     540.33,      691.64,      578.44,         787],
       [     357.23,      734.14,      396.08,      838.94],
       [     340.11,      494.91,      377.06,       571.1],
       [       1322,      828.45,      1401.8,      917.44],
       [     1284.5,      395.23,      1321.8,      466.34],
       [     1246.8,       431.8,      1278.1,      502.94],
       [     372.47,      307.65,      398.52,      367.07],
       [     1852.4,      809.68,      1891.7,      917.79],
       [     1099.8,      307.78,      1122.7,      360.85],
       [     1164.7,      708.13,        1231,       809.4],
       [      773.8,      370.33,      797.42,      430.57],
       [     314.59,      229.17,       334.6,      272.29],
       [     954.67,      225.72,      973.77,      275.92],
       [     778.31,      422.41,      805.99,      489.91],
       [     1224.3,       880.8,      1241.4,      898.74],
       [     1906.5,      381.63,        1920,      440.75]], dtype=float32), mask=None, confidence=array([    0.90563,     0.89954,      0.8943,     0.89246,     0.89154,     0.89142,     0.89102,     0.88968,     0.88489,     0.88018,     0.87806,      0.8761,     0.86607,     0.86443,     0.86233,      0.8577,     0.85618,      0.8408,     0.82535,      0.7368,     0.67493,     0.66712,     0.46155,     0.43039],
      dtype=float32), class_id=array([2, 2, 2, 2, 2, 2, 2, 2, 2, 2, 2, 2, 2, 2, 2, 3, 2, 2, 3, 3, 2, 2, 0, 1]), tracker_id=None, data={'class_name': array(['player', 'player', 'player', 'player', 'player', 'player', 'player', 'player', 'player', 'player', 'player', 'player', 'player', 'player', 'player', 'referee', 'player', 'player', 'referee', 'referee', 'player', 'player', 'ball', 'goalkeeper'], dtype='<U10')})
Detections(xyxy=array([[     1339.6,      446.04,      1379.4,      519.07],
       [     231.05,      516.61,      260.77,      597.22],
       [     630.09,      597.45,      664.03,      682.17],
       [     1602.5,      629.33,      1644.8,      719.61],
       [     894.19,      364.12,      920.66,      425.32],
       [       1010,      460.64,      1036.8,      528.91],
       [     910.94,      640.81,      972.39,       729.7],
       [     541.12,      690.97,      579.57,      786.66],
       [     1100.1,      310.13,      1123.3,       361.1],
       [     1287.2,      396.05,      1322.4,      467.65],
       [     1183.8,      356.63,        1211,      414.51],
       [     356.76,       735.4,      396.34,      839.95],
       [     339.92,      495.08,      379.83,      571.58],
       [     1248.1,      431.54,      1279.4,      504.08],
       [      372.6,       307.8,       398.5,      367.56],
       [     1851.9,      808.08,      1892.9,      918.24],
       [     1315.1,      829.93,      1391.3,      920.78],
       [     773.93,      370.47,      797.71,      430.66],
       [     1166.2,      709.16,      1227.1,      810.67],
       [     955.28,       226.4,      974.77,      276.09],
       [     314.62,      228.61,      334.32,      272.49],
       [      778.2,      422.19,      806.13,      489.85],
       [     1228.3,      884.31,      1244.3,      904.01],
       [     1906.6,      381.93,        1920,      440.24],
       [     1187.9,       350.3,      1214.5,      416.32]], dtype=float32), mask=None, confidence=array([    0.90213,     0.89394,      0.8935,     0.89324,     0.89299,      0.8929,     0.89262,     0.88551,      0.8844,     0.88008,     0.87752,     0.87514,     0.87137,      0.8665,     0.86489,     0.86447,     0.82778,     0.82698,      0.7993,     0.79377,     0.75338,     0.67018,     0.38381,     0.34637,
           0.13922], dtype=float32), class_id=array([2, 2, 2, 2, 2, 2, 2, 2, 2, 2, 2, 2, 2, 2, 2, 3, 2, 3, 2, 2, 3, 2, 0, 1, 2]), tracker_id=None, data={'class_name': array(['player', 'player', 'player', 'player', 'player', 'player', 'player', 'player', 'player', 'player', 'player', 'player', 'player', 'player', 'player', 'referee', 'player', 'referee', 'player', 'player', 'referee', 'player', 'ball', 'goalkeeper', 'player'], dtype='<U10')})
Detections(xyxy=array([[      232.3,      516.83,      262.27,      597.86],
       [     894.25,      365.44,      924.99,      425.93],
       [     1606.5,         631,      1647.1,      720.01],
       [      638.1,      599.76,      667.22,      682.19],
       [     1100.7,      309.77,      1124.9,      360.79],
       [     1341.4,      445.84,      1382.2,      519.75],
       [     1288.2,      396.94,      1324.1,      469.52],
       [     541.85,      692.76,      580.68,      787.85],
       [     355.12,       737.3,      396.79,      840.26],
       [     1248.3,      432.84,      1280.5,      504.61],
       [     1012.1,      460.57,      1038.6,      529.84],
       [     1852.5,      808.25,      1893.5,      918.23],
       [     339.91,      495.73,      382.21,      570.85],
       [        373,      308.22,      398.85,      368.01],
       [       1316,       832.5,      1374.6,      925.22],
       [     921.97,      644.89,      980.94,      728.49],
       [     774.25,      370.56,       798.5,      431.26],
       [     956.25,       226.3,      975.63,      275.82],
       [     1190.3,      357.76,      1213.5,      414.32],
       [     315.53,      229.36,      335.76,      273.23],
       [     1195.8,       711.5,      1237.6,       812.5],
       [     777.94,      422.68,      806.52,      493.53],
       [     1906.7,      382.17,        1920,      440.74]], dtype=float32), mask=None, confidence=array([    0.89702,     0.89548,     0.89269,     0.89134,       0.891,     0.88561,     0.88476,     0.88388,     0.87871,     0.87846,      0.8767,     0.87443,     0.87031,     0.86702,     0.85782,     0.84643,     0.84346,     0.82078,     0.81039,      0.7737,     0.76133,     0.72584,     0.19913],
      dtype=float32), class_id=array([2, 2, 2, 2, 2, 2, 2, 2, 2, 2, 2, 3, 2, 2, 2, 2, 3, 2, 2, 3, 2, 2, 1]), tracker_id=None, data={'class_name': array(['player', 'player', 'player', 'player', 'player', 'player', 'player', 'player', 'player', 'player', 'player', 'referee', 'player', 'player', 'player', 'player', 'referee', 'player', 'player', 'referee', 'player', 'player', 'goalkeeper'], dtype='<U10')})
Detections(xyxy=array([[     233.29,      517.16,      263.73,      598.07],
       [     541.39,      694.43,      581.31,      789.38],
       [     643.45,      600.12,      672.32,      682.45],
       [     1101.8,       310.8,      1126.1,      361.16],
       [     1249.4,      433.35,      1284.8,      504.93],
       [     340.17,      497.71,      384.26,      570.96],
       [     894.69,      365.31,      928.03,      427.57],
       [     1344.1,         447,        1385,         520],
       [     1291.2,      397.84,      1324.4,      468.98],
       [     1852.3,       808.3,      1894.9,      918.77],
       [     1609.7,      631.59,      1649.5,      719.43],
       [     353.72,      738.38,      396.61,      840.68],
       [     373.43,      308.91,      399.01,      368.96],
       [     1196.2,       358.9,      1215.3,       415.1],
       [     1013.2,      461.12,        1041,      531.01],
       [     937.69,       646.9,      991.66,      735.06],
       [     774.49,      371.02,      798.75,      430.76],
       [     957.63,      227.25,      976.07,      275.75],
       [     1313.1,      834.05,      1356.1,      925.32],
       [     316.83,       230.2,       336.8,      273.24],
       [     778.02,      421.88,      806.53,      494.06],
       [     1203.9,      711.89,      1248.4,      812.05]], dtype=float32), mask=None, confidence=array([    0.89734,     0.89624,     0.89558,     0.89323,     0.89271,      0.8896,     0.88849,     0.88242,     0.88226,      0.8806,     0.87729,     0.87686,     0.87171,     0.86363,     0.85996,     0.85436,     0.83586,     0.82751,     0.82089,     0.70809,     0.69814,     0.69471], dtype=float32), class_id=array([2, 2, 2, 2, 2, 2, 2, 2, 2, 3, 2, 2, 2, 2, 2, 2, 3, 2, 2, 3, 2, 2]), tracker_id=None, data={'class_name': array(['player', 'player', 'player', 'player', 'player', 'player', 'player', 'player', 'player', 'referee', 'player', 'player', 'player', 'player', 'player', 'player', 'referee', 'player', 'player', 'referee', 'player', 'player'], dtype='<U7')})
Detections(xyxy=array([[     1102.9,       311.6,        1128,      361.89],
       [     233.77,      517.22,         265,      597.99],
       [     541.68,      696.31,      581.87,      791.74],
       [     896.05,      366.77,      928.01,      427.04],
       [     1346.5,      448.61,      1388.2,      520.92],
       [     1250.2,      434.85,      1286.9,      504.78],
       [     648.13,      599.38,      677.64,      681.35],
       [     1013.7,      461.25,      1044.3,      531.72],
       [     351.05,      739.71,      395.23,      841.21],
       [     340.86,      497.83,      386.25,      573.66],
       [     373.42,      309.43,      399.27,      368.62],
       [     1612.1,      632.39,      1650.3,      722.64],
       [     1199.5,      358.19,        1219,      414.65],
       [     941.27,      649.37,      995.87,      737.67],
       [     1852.9,       810.8,      1896.4,      918.96],
       [       1294,      397.49,      1325.1,      468.84],
       [     774.67,      371.13,      799.36,      429.95],
       [     957.98,      227.03,      976.39,      275.84],
       [     1289.5,      835.67,      1358.4,      927.34],
       [     777.43,      422.99,       806.7,      495.19],
       [     1205.5,      716.37,      1259.8,      815.17],
       [     318.71,      228.82,      339.39,      272.68]], dtype=float32), mask=None, confidence=array([    0.90015,     0.89691,     0.89353,     0.89056,     0.89015,      0.8877,     0.88724,     0.88578,     0.88232,      0.8813,     0.87258,     0.86903,     0.86434,     0.86276,     0.86006,     0.85473,     0.84633,     0.84175,     0.82791,     0.75784,     0.75144,      0.5945], dtype=float32), class_id=array([2, 2, 2, 2, 2, 2, 2, 2, 2, 2, 2, 2, 2, 2, 3, 2, 3, 2, 2, 2, 2, 3]), tracker_id=None, data={'class_name': array(['player', 'player', 'player', 'player', 'player', 'player', 'player', 'player', 'player', 'player', 'player', 'player', 'player', 'player', 'referee', 'player', 'referee', 'player', 'player', 'player', 'player', 'referee'], dtype='<U7')})
Detections(xyxy=array([[     234.42,      517.36,      267.21,      597.38],
       [     900.21,      366.21,      928.66,      426.74],
       [     348.43,      739.92,      394.45,      840.97],
       [     542.18,      698.21,      583.36,      796.42],
       [     341.95,      499.72,      386.14,      574.18],
       [     650.89,      599.41,      684.08,      685.62],
       [     1614.9,       635.1,      1653.9,      730.63],
       [     1106.3,       312.9,      1129.3,       362.1],
       [     373.26,       309.9,      399.32,      369.58],
       [     1252.4,      434.87,      1289.8,      505.53],
       [     1014.3,      461.32,      1046.7,      533.06],
       [     1201.2,      356.99,        1222,      413.98],
       [     1852.5,       810.3,      1899.1,      919.46],
       [     1275.7,      833.48,      1355.4,      925.55],
       [       1356,      448.39,      1391.5,      521.53],
       [     954.72,      653.23,        1003,      737.78],
       [     959.04,      225.36,      977.27,      275.62],
       [        775,      371.37,      800.48,      430.16],
       [       1297,      397.74,      1326.4,      467.43],
       [     1204.4,      718.66,      1269.5,      816.83],
       [     777.19,      424.12,      807.29,      493.09],
       [      318.9,      228.22,      339.67,      272.08],
       [       1207,       748.5,      1269.7,      818.88]], dtype=float32), mask=None, confidence=array([    0.90401,     0.89748,     0.88959,     0.88561,     0.88443,     0.88134,     0.88111,     0.87883,     0.87577,     0.87149,     0.87123,     0.86855,     0.86805,     0.86389,      0.8601,     0.85959,     0.85626,     0.85391,     0.84718,      0.7761,     0.73093,     0.52128,     0.22594],
      dtype=float32), class_id=array([2, 2, 2, 2, 2, 2, 2, 2, 2, 2, 2, 2, 3, 2, 2, 2, 2, 3, 2, 2, 2, 3, 2]), tracker_id=None, data={'class_name': array(['player', 'player', 'player', 'player', 'player', 'player', 'player', 'player', 'player', 'player', 'player', 'player', 'referee', 'player', 'player', 'player', 'player', 'referee', 'player', 'player', 'player', 'referee', 'player'], dtype='<U7')})
Detections(xyxy=array([[     235.19,      517.95,      267.99,      597.49],
       [     903.39,       365.7,      930.82,      426.47],
       [     541.33,      701.53,      584.86,       798.2],
       [     1108.1,       314.7,      1130.5,      362.15],
       [     651.52,      599.84,      690.18,      687.63],
       [     346.02,      739.26,      392.08,      840.96],
       [     1017.6,      463.69,      1050.2,      534.72],
       [     1614.8,      637.39,      1657.1,      738.16],
       [     1201.2,      356.83,      1225.1,      414.28],
       [     342.57,       499.9,      386.99,      572.59],
       [     373.55,      310.27,      398.81,      369.75],
       [     1255.2,      434.54,      1290.3,       505.6],
       [     1364.1,      450.82,      1394.2,      521.98],
       [     961.26,      653.52,      1009.8,      738.45],
       [     1852.4,      807.16,      1899.8,      919.35],
       [     959.87,       225.1,      977.79,      276.06],
       [     775.59,       372.3,      799.84,      429.07],
       [     1299.8,      398.05,      1327.2,      467.82],
       [     1270.3,      832.33,      1348.3,      921.05],
       [     1207.2,      720.78,      1266.8,      814.68],
       [     777.66,      425.71,      808.62,      488.66],
       [     318.93,      227.54,      340.57,      271.68],
       [     1210.4,      744.43,      1273.9,      820.73],
       [     1247.6,      905.02,      1263.6,      922.06]], dtype=float32), mask=None, confidence=array([    0.90193,     0.89368,     0.89023,     0.88211,     0.88199,     0.88113,     0.88069,     0.88067,     0.87832,     0.87759,     0.87624,     0.86959,     0.86788,     0.86763,     0.86534,     0.84488,     0.83749,     0.83519,     0.77383,     0.75638,     0.75606,     0.53557,     0.46393,      0.2437],
      dtype=float32), class_id=array([2, 2, 2, 2, 2, 2, 2, 2, 2, 2, 2, 2, 2, 2, 3, 2, 3, 2, 2, 2, 2, 3, 2, 0]), tracker_id=None, data={'class_name': array(['player', 'player', 'player', 'player', 'player', 'player', 'player', 'player', 'player', 'player', 'player', 'player', 'player', 'player', 'referee', 'player', 'referee', 'player', 'player', 'player', 'player', 'referee', 'player', 'ball'], dtype='<U7')})
Detections(xyxy=array([[     907.62,      364.75,         931,      428.36],
       [     235.96,      518.35,       270.1,      597.27],
       [     538.67,      703.22,      588.19,       797.5],
       [     653.35,      602.54,      699.15,      687.23],
       [     967.94,      652.97,      1013.1,      737.77],
       [     1257.8,      434.94,      1291.9,      505.88],
       [     1020.8,      464.96,      1051.8,      534.65],
       [     1369.9,      450.46,      1396.8,      521.11],
       [      373.9,      310.85,      399.17,      370.35],
       [     342.99,      737.36,      388.04,      841.29],
       [     1201.3,      355.37,      1230.1,      415.83],
       [     1108.6,      315.04,      1133.9,      362.33],
       [     347.47,      500.32,      387.26,      574.82],
       [     1616.1,      642.93,      1660.5,      740.21],
       [     776.13,      373.67,      798.68,      430.05],
       [     1301.7,      397.84,      1329.4,      468.73],
       [     1854.1,      808.68,        1900,      918.13],
       [     960.82,      225.22,      978.98,      276.21],
       [     1221.8,      720.93,      1282.6,       820.8],
       [     778.04,      424.94,      809.76,      491.77],
       [     319.25,      227.57,      341.36,      271.94],
       [     1253.6,         834,      1341.3,      924.05]], dtype=float32), mask=None, confidence=array([    0.91243,     0.90321,     0.90055,     0.89548,     0.88697,     0.88303,     0.88109,     0.87855,     0.87702,     0.87549,     0.87412,     0.87323,     0.87175,     0.87053,     0.83998,     0.83544,     0.83524,      0.8291,     0.78677,     0.77235,     0.66872,     0.50899], dtype=float32), class_id=array([2, 2, 2, 2, 2, 2, 2, 2, 2, 2, 2, 2, 2, 2, 3, 2, 3, 2, 2, 2, 3, 2]), tracker_id=None, data={'class_name': array(['player', 'player', 'player', 'player', 'player', 'player', 'player', 'player', 'player', 'player', 'player', 'player', 'player', 'player', 'referee', 'player', 'referee', 'player', 'player', 'player', 'referee', 'player'], dtype='<U7')})
Detections(xyxy=array([[     656.02,      604.58,      705.78,      690.04],
       [     236.28,       518.7,      272.86,      599.44],
       [     341.73,      735.82,      386.28,       842.1],
       [     974.84,      654.62,      1017.3,      739.78],
       [      909.9,      364.94,      933.58,      427.99],
       [     1263.1,       435.5,      1291.7,      505.64],
       [     349.76,      500.39,      386.45,      574.61],
       [     539.44,      706.26,      591.59,      797.96],
       [     1371.9,      450.66,      1400.5,      520.94],
       [     1203.5,      354.81,      1233.6,      416.63],
       [     374.15,      311.18,      399.17,      371.11],
       [       1109,       315.7,      1136.6,      362.67],
       [       1618,       646.4,      1667.9,      744.11],
       [     1023.1,      465.92,        1055,      534.33],
       [     776.86,      373.97,      798.95,      430.58],
       [     1854.5,      808.67,      1901.5,      917.78],
       [     1303.4,      398.16,      1329.8,      468.32],
       [     962.64,      224.51,      980.66,      275.73],
       [     1226.7,      721.25,      1281.7,      817.01],
       [      779.3,      423.56,      810.28,      494.51],
       [     1244.8,      830.47,        1328,      923.28],
       [     318.92,      227.73,      341.13,      271.84]], dtype=float32), mask=None, confidence=array([    0.90936,     0.90352,      0.8948,     0.89363,     0.89073,     0.88883,     0.88708,     0.88336,      0.8827,     0.88011,      0.8785,      0.8778,     0.87283,     0.87021,     0.82959,     0.82017,     0.81892,     0.81593,     0.78693,     0.77867,     0.68382,     0.65629], dtype=float32), class_id=array([2, 2, 2, 2, 2, 2, 2, 2, 2, 2, 2, 2, 2, 2, 3, 3, 2, 2, 2, 2, 2, 3]), tracker_id=None, data={'class_name': array(['player', 'player', 'player', 'player', 'player', 'player', 'player', 'player', 'player', 'player', 'player', 'player', 'player', 'player', 'referee', 'referee', 'player', 'player', 'player', 'player', 'player', 'referee'], dtype='<U7')})
Detections(xyxy=array([[     236.99,      518.77,      273.94,      599.99],
       [     912.26,      364.13,      935.86,      428.02],
       [     662.68,      605.58,      705.84,      691.43],
       [     340.45,      736.28,      383.02,      842.27],
       [     539.84,      706.55,      593.68,      797.63],
       [     352.75,      500.55,      385.44,      574.83],
       [     1203.6,       355.9,      1237.8,      416.72],
       [     1370.9,      450.43,      1403.9,       521.7],
       [     374.28,      311.25,      399.11,      371.23],
       [     981.08,      653.65,      1024.1,      744.37],
       [     1619.3,       648.4,      1669.4,      749.58],
       [     1024.8,      466.72,      1056.6,      534.95],
       [       1267,      434.95,      1293.1,      505.63],
       [     1109.2,       315.4,      1139.4,      362.59],
       [     1231.7,      720.57,      1293.3,      832.27],
       [     776.76,      374.59,      799.33,       431.5],
       [     1854.9,      809.14,        1902,      916.54],
       [     781.25,      424.46,      811.54,      499.22],
       [     1305.7,      398.16,      1331.3,      467.15],
       [     963.11,      223.65,      980.88,      276.16],
       [     1241.5,      830.51,        1302,      917.69],
       [     319.31,      227.78,      341.39,      272.07],
       [     1237.5,      830.52,      1291.1,      906.69]], dtype=float32), mask=None, confidence=array([    0.90725,     0.90701,     0.90628,     0.90022,     0.89539,     0.89346,     0.88927,     0.88572,     0.87965,      0.8758,     0.87502,     0.86929,     0.86757,     0.86708,     0.86396,      0.8097,     0.80289,     0.79517,     0.78542,     0.76708,     0.66327,     0.45444,     0.45247],
      dtype=float32), class_id=array([2, 2, 2, 2, 2, 2, 2, 2, 2, 2, 2, 2, 2, 2, 2, 3, 3, 2, 2, 2, 2, 3, 2]), tracker_id=None, data={'class_name': array(['player', 'player', 'player', 'player', 'player', 'player', 'player', 'player', 'player', 'player', 'player', 'player', 'player', 'player', 'player', 'referee', 'referee', 'player', 'player', 'player', 'player', 'referee', 'player'], dtype='<U7')})
Detections(xyxy=array([[     539.86,      705.03,      597.78,      797.88],
       [     237.82,      518.82,      273.91,      599.53],
       [     914.28,      364.37,      936.98,      429.05],
       [     338.98,      736.52,      380.32,      841.65],
       [     356.64,      500.93,      386.65,      575.43],
       [     669.04,      607.19,       709.4,      692.69],
       [       1026,      467.48,      1057.3,      533.98],
       [     1371.7,      449.87,      1409.8,      521.34],
       [     1110.2,       315.2,      1144.5,      362.24],
       [     985.93,      658.27,      1036.8,      748.18],
       [     374.59,      311.16,      399.85,      371.76],
       [     1615.7,      651.59,      1671.2,      749.67],
       [     1206.6,      356.94,      1239.3,      416.65],
       [     1270.9,      433.63,      1295.3,       505.2],
       [     783.13,      425.29,      812.21,      500.11],
       [       1239,      833.07,      1277.7,      927.71],
       [     1854.6,      808.68,      1902.6,      916.21],
       [     1239.8,      744.92,      1294.9,      833.53],
       [     1307.3,      397.22,      1334.3,      467.74],
       [      777.3,      375.57,      801.24,      433.36],
       [      963.2,      223.65,      982.62,      275.48],
       [       1235,      718.85,      1290.8,      828.88],
       [     319.19,      227.56,      341.92,      271.91],
       [     1202.4,       902.9,      1221.6,      922.89],
       [     1889.5,      409.86,      1909.9,       446.1]], dtype=float32), mask=None, confidence=array([    0.90835,     0.90745,     0.89575,     0.89546,     0.89226,     0.88699,     0.88531,     0.88512,     0.88442,     0.88186,     0.87955,     0.86991,     0.86752,      0.8632,     0.82547,     0.82454,     0.81597,     0.81341,     0.80482,     0.77446,     0.76645,     0.41732,     0.38708,     0.36647,
           0.14467], dtype=float32), class_id=array([2, 2, 2, 2, 2, 2, 2, 2, 2, 2, 2, 2, 2, 2, 2, 2, 3, 2, 2, 3, 2, 2, 3, 0, 1]), tracker_id=None, data={'class_name': array(['player', 'player', 'player', 'player', 'player', 'player', 'player', 'player', 'player', 'player', 'player', 'player', 'player', 'player', 'player', 'player', 'referee', 'player', 'player', 'referee', 'player', 'player', 'referee', 'ball', 'goalkeeper'], dtype='<U10')})
Detections(xyxy=array([[     1372.3,      449.24,      1414.9,      522.64],
       [     540.47,      703.47,      600.67,      797.58],
       [     238.78,      519.68,      274.46,      600.39],
       [     1111.8,      315.41,      1146.6,      363.18],
       [     337.72,      737.53,      377.72,      843.78],
       [     357.99,      500.63,      386.81,      575.91],
       [     990.03,      659.65,      1045.2,      752.08],
       [     676.96,      608.03,      714.72,      693.31],
       [      915.9,      366.59,       941.1,      429.32],
       [       1027,      467.44,      1059.1,      538.06],
       [     374.64,       311.2,      399.21,      371.92],
       [     1615.3,       655.4,      1668.4,       749.4],
       [     1271.7,       433.7,        1296,      505.03],
       [     1211.4,      356.86,      1240.1,      416.48],
       [     1308.6,      398.31,      1337.4,      469.28],
       [     1230.5,      832.97,      1279.2,      927.05],
       [        785,      425.85,       812.9,      500.51],
       [      962.6,      223.95,      983.54,      277.07],
       [     1854.4,      808.39,      1903.3,      915.96],
       [     1248.3,      757.54,      1294.1,      838.89],
       [     777.72,      376.51,      801.38,      435.59],
       [     319.34,      228.87,      341.81,      272.16],
       [     1243.3,      717.61,      1292.5,       796.5],
       [     1184.1,      902.33,      1201.8,      920.63],
       [     1889.2,      409.08,      1910.9,      446.08]], dtype=float32), mask=None, confidence=array([    0.90813,     0.90606,     0.90423,     0.90339,     0.89547,     0.88875,     0.88809,     0.88416,     0.88349,     0.88341,     0.88239,     0.87077,     0.86996,     0.86886,     0.86242,     0.85883,     0.83289,     0.82805,     0.81433,     0.79681,     0.74023,     0.48613,     0.42373,     0.41454,
           0.22557], dtype=float32), class_id=array([2, 2, 2, 2, 2, 2, 2, 2, 2, 2, 2, 2, 2, 2, 2, 2, 2, 2, 3, 2, 3, 3, 2, 0, 1]), tracker_id=None, data={'class_name': array(['player', 'player', 'player', 'player', 'player', 'player', 'player', 'player', 'player', 'player', 'player', 'player', 'player', 'player', 'player', 'player', 'player', 'player', 'referee', 'player', 'referee', 'referee', 'player', 'ball', 'goalkeeper'], dtype='<U10')})
PS C:\Users\Dell\Desktop\footballAI> 

+++++++++++++++++++++++++++++++++++++++++++++++++++++++++++++++++++++++++++++++++++++++++++++++++++++++++++++++++
player', 'player', 'player', 'player', 'player', 'player', 'player', 'referee', 'player', 'player', 'player', 'player', 'player', 'player', 'player', 'player', 'referee', 'referee', 'goalkeeper', 'player', 'player', 'player'], dtype='<U10')})
Detections(xyxy=array([[     997.13,      455.58,        1030,      527.65],
       [     1232.2,      431.19,      1268.2,      502.16],
       [      359.4,      722.81,      396.98,      828.08],
       [      879.2,      362.07,      907.03,      423.78],
       [     1580.1,      612.12,      1619.8,      699.26],
       [     333.08,       494.8,      365.64,      569.29],
       [     602.53,      591.43,      640.92,      672.41],
       [     375.59,      307.89,      400.18,      367.46],
       [     535.41,      689.68,      579.11,      786.11],
       [     224.22,      514.95,      257.54,      595.48],
       [     1170.6,      354.95,      1193.4,      410.07],
       [     869.18,      639.93,      910.87,      726.22],
       [     1853.2,      808.07,      1892.4,      919.13],
       [       1313,      448.55,      1358.1,      517.28],
       [     1373.7,       816.8,      1431.8,      905.66],
       [       1124,      706.17,      1187.6,      795.13],
       [     776.08,         368,       800.1,      425.28],
       [     1279.9,      393.25,        1314,      463.19],
       [     775.59,      419.97,      805.06,      488.75],
       [     312.98,      230.18,      329.58,      272.74],
       [     1161.4,      721.41,      1207.2,       797.8],
       [     1199.8,      859.49,      1216.1,      875.57],
       [     1903.1,      379.38,        1920,      435.46],
       [     1097.4,      306.13,        1117,      362.01],
       [       1135,      709.64,      1204.2,      797.39]], dtype=float32), mask=None, confidence=array([    0.91227,     0.89996,     0.89828,      0.8978,     0.89598,      0.8931,     0.89239,     0.88777,     0.88269,     0.87623,     0.87299,     0.87034,     0.86786,     0.86638,     0.85001,     0.82461,      0.8141,     0.81008,     0.80874,       0.736,     0.71884,     0.63715,     0.59825,     0.35869,
           0.25136], dtype=float32), class_id=array([2, 2, 2, 2, 2, 2, 2, 2, 2, 2, 2, 2, 3, 2, 2, 2, 3, 2, 2, 3, 2, 0, 1, 2, 2]), tracker_id=None, data={'class_name': array(['player', 'player', 'player', 'player', 'player', 'player', 'player', 'player', 'player', 'player', 'player', 'player', 'referee', 'player', 'player', 'player', 'referee', 'player', 'player', 'referee', 'player', 'ball', 'goalkeeper', 'player', 'player'], dtype='<U10')})
Detections(xyxy=array([[     358.33,      726.24,      396.86,      831.41],
       [     999.31,      456.21,      1030.3,      528.51],
       [     1234.2,      431.44,      1268.4,      501.53],
       [     1371.8,      819.33,      1417.5,      905.86],
       [     1583.6,      613.72,      1622.4,      706.73],
       [     334.32,      495.09,      365.58,      569.03],
       [     883.54,      360.71,      908.71,      424.06],
       [     224.52,      515.61,      257.96,      596.14],
       [     1314.6,       449.5,      1361.6,      517.24],
       [     535.89,      690.43,      578.38,      786.52],
       [     373.26,      307.59,      399.24,      367.27],
       [     604.84,      592.13,      643.93,      672.36],
       [     1170.7,      354.59,      1195.9,      412.53],
       [     880.02,      641.43,      916.48,      724.59],
       [     1852.5,      808.17,      1891.7,      918.62],
       [     774.65,      368.56,       798.2,      426.33],
       [     1279.9,      393.58,      1314.9,      465.81],
       [     1097.6,      306.93,      1117.8,      359.87],
       [     775.93,      420.89,      806.58,      489.54],
       [     312.96,      230.26,      330.28,      272.51],
       [     1124.6,      707.01,      1191.9,      798.09],
       [     1167.7,      716.06,      1209.4,       797.1],
       [     1903.1,      379.73,        1920,      434.91],
       [     1149.5,      708.32,      1208.4,      790.15],
       [     1203.7,      862.01,        1221,      880.76]], dtype=float32), mask=None, confidence=array([    0.90706,      0.9023,     0.89084,     0.89026,     0.88871,     0.88704,     0.88695,     0.88379,     0.88343,     0.88187,     0.87765,     0.87763,     0.87722,     0.86211,     0.86088,      0.8347,     0.82029,     0.80157,     0.75426,     0.73179,     0.71323,     0.57632,     0.56945,     0.30401,
           0.22125], dtype=float32), class_id=array([2, 2, 2, 2, 2, 2, 2, 2, 2, 2, 2, 2, 2, 2, 3, 3, 2, 2, 2, 3, 2, 2, 1, 2, 0]), tracker_id=None, data={'class_name': array(['player', 'player', 'player', 'player', 'player', 'player', 'player', 'player', 'player', 'player', 'player', 'player', 'player', 'player', 'referee', 'referee', 'player', 'player', 'player', 'referee', 'player', 'player', 'goalkeeper', 'player', 'ball'], dtype='<U10')})
Detections(xyxy=array([[     1000.2,      457.58,      1031.1,      528.65],
       [     358.48,      730.29,      396.77,      834.28],
       [     887.45,      360.41,      911.31,      423.28],
       [       1172,      353.71,      1199.9,      413.52],
       [     225.68,      516.51,      259.31,      597.65],
       [     1365.5,      820.85,      1408.5,      906.73],
       [        890,       639.7,      924.33,      725.89],
       [     607.89,      592.06,      645.64,      675.44],
       [     1239.1,      431.84,        1270,      501.15],
       [     538.53,      690.33,      579.15,      786.23],
       [       1327,      448.73,      1365.2,         516],
       [       1587,       616.6,      1624.9,      711.97],
       [     372.63,      307.51,      398.53,      367.68],
       [     338.21,      494.43,      366.76,      569.16],
       [     1852.8,      808.44,      1891.5,      917.31],
       [     1096.8,       307.6,      1118.6,      359.96],
       [     1280.6,      395.29,      1316.9,      465.48],
       [     774.34,      369.62,       797.5,      427.49],
       [     312.77,       228.9,      330.38,      272.62],
       [     776.16,      421.83,       806.5,      489.21],
       [       1141,      707.86,      1212.1,      798.77],
       [     1903.4,      379.89,        1920,      435.31],
       [     1162.6,      711.59,      1213.6,      798.47],
       [       1130,      707.59,      1196.3,      796.59]], dtype=float32), mask=None, confidence=array([    0.90527,     0.90403,     0.89928,     0.88982,     0.88979,     0.88945,     0.88722,     0.88597,     0.88425,     0.88358,     0.87625,     0.87504,     0.87249,     0.86768,     0.86408,     0.85287,     0.84994,      0.8424,     0.77022,     0.76446,     0.65627,     0.56442,     0.43825,     0.29562],
      dtype=float32), class_id=array([2, 2, 2, 2, 2, 2, 2, 2, 2, 2, 2, 2, 2, 2, 3, 2, 2, 3, 3, 2, 2, 1, 2, 2]), tracker_id=None, data={'class_name': array(['player', 'player', 'player', 'player', 'player', 'player', 'player', 'player', 'player', 'player', 'player', 'player', 'player', 'player', 'referee', 'player', 'player', 'referee', 'referee', 'player', 'player', 'goalkeeper', 'player', 'player'], dtype='<U10')})
Detections(xyxy=array([[     1003.5,      458.19,      1031.7,      528.85],
       [     357.87,      731.94,      397.23,       836.3],
       [     889.39,      360.47,      913.53,      424.26],
       [     226.98,      517.42,      259.45,      598.61],
       [     612.16,      591.62,      652.65,      679.47],
       [     1174.1,      354.13,      1203.6,      413.61],
       [     1348.5,      824.62,      1407.6,      911.22],
       [     539.33,      690.75,      579.09,       786.4],
       [     1590.6,      618.76,      1629.7,      715.21],
       [     895.78,      638.26,      935.51,      726.92],
       [     340.09,      494.44,      370.09,      569.37],
       [     1282.6,      394.09,      1318.7,      465.93],
       [     1329.4,       447.7,      1367.9,      517.25],
       [     1098.4,      308.44,      1120.4,      360.79],
       [     372.29,      307.51,      398.13,      367.69],
       [     774.11,      370.04,      797.59,      429.03],
       [     1851.8,      809.49,      1891.2,      918.49],
       [     1242.7,      431.97,      1271.2,      501.39],
       [     312.95,      228.35,      332.03,      272.48],
       [     777.43,      422.05,      805.68,      488.76],
       [     1155.6,      708.38,      1229.3,      798.15],
       [     1905.3,      379.88,        1920,      442.52],
       [     952.99,       226.1,      973.27,       275.1]], dtype=float32), mask=None, confidence=array([    0.90739,     0.90495,     0.90075,     0.89365,     0.89213,     0.89188,     0.88793,     0.88635,     0.87751,      0.8775,     0.86928,     0.86786,     0.86459,     0.86021,     0.86015,     0.85463,     0.84923,     0.84405,     0.80098,      0.7498,     0.61297,     0.60931,     0.43494],       
      dtype=float32), class_id=array([2, 2, 2, 2, 2, 2, 2, 2, 2, 2, 2, 2, 2, 2, 2, 3, 3, 2, 3, 2, 2, 1, 2]), tracker_id=None, data={'class_name': array(['player', 'player', 'player', 'player', 'player', 'player', 'player', 'player', 'player', 'player', 'player', 'player', 'player', 'player', 'player', 'referee', 'referee', 'player', 'referee', 'player', 'player', 'goalkeeper', 'player'], dtype='<U10')})       
Detections(xyxy=array([[     1007.1,      460.07,      1033.5,      529.05],
       [     616.52,       593.5,      658.31,       680.1],
       [     891.82,       360.1,       915.4,      425.07],
       [     228.66,      516.65,      259.74,      597.44],
       [     896.17,      637.74,      943.85,      723.97],
       [     1176.5,      354.98,      1207.3,      414.45],
       [     358.79,      732.37,      396.83,      837.11],
       [     539.88,       691.1,      578.78,      786.24],
       [     1334.5,      447.82,      1370.4,      517.61],
       [     341.15,      494.52,      374.06,      569.22],
       [     1596.6,      622.59,      1632.6,       717.9],
       [       1099,      308.48,      1121.3,      360.92],
       [     1341.9,      825.46,      1407.9,      915.41],
       [     1246.7,      431.71,      1274.2,      501.59],
       [     372.51,      307.61,      398.72,      367.48],
       [       1284,      395.06,      1320.8,      466.53],
       [     1851.9,      808.18,      1891.2,      918.45],
       [     774.02,      370.24,      797.25,       430.1],
       [     313.78,       228.5,      332.56,      272.48],
       [      777.8,      421.97,      805.57,      489.69],
       [     1906.1,      381.16,        1920,      442.38],
       [     1162.4,      709.19,      1237.4,      805.29],
       [     953.43,      225.79,      973.41,      275.48],
       [       1221,      876.16,      1237.9,      895.47]], dtype=float32), mask=None, confidence=array([    0.91007,     0.89859,     0.89309,     0.89309,     0.89226,     0.89176,     0.89107,     0.88712,     0.88446,     0.87862,     0.87752,     0.87196,     0.86566,     0.86566,     0.86508,     0.86026,     0.84348,     0.84216,      0.7709,     0.72402,     0.62457,     0.55252,     0.50981,      0.2385],
      dtype=float32), class_id=array([2, 2, 2, 2, 2, 2, 2, 2, 2, 2, 2, 2, 2, 2, 2, 2, 3, 3, 3, 2, 1, 2, 2, 0]), tracker_id=None, data={'class_name': array(['player', 'player', 'player', 'player', 'player', 'player', 'player', 'player', 'player', 'player', 'player', 'player', 'player', 'player', 'player', 'player', 'referee', 'referee', 'referee', 'player', 'goalkeeper', 'player', 'player', 'ball'], dtype='<U10')})
Detections(xyxy=array([[     901.22,      638.29,      955.22,      729.37],
       [     1008.5,      461.08,      1034.6,      529.05],
       [     230.22,      516.55,      260.51,      596.17],
       [     1179.9,      355.82,      1208.9,      415.13],
       [     1337.1,      445.72,      1374.9,      517.98],
       [     621.14,      595.05,      661.96,      683.19],
       [     1599.1,       625.6,      1639.1,      719.36],
       [     893.61,      362.51,      918.12,      425.14],
       [     540.33,      691.64,      578.44,         787],
       [     357.23,      734.14,      396.08,      838.94],
       [     340.11,      494.91,      377.06,       571.1],
       [       1322,      828.45,      1401.8,      917.44],
       [     1284.5,      395.23,      1321.8,      466.34],
       [     1246.8,       431.8,      1278.1,      502.94],
       [     372.47,      307.65,      398.52,      367.07],
       [     1852.4,      809.68,      1891.7,      917.79],
       [     1099.8,      307.78,      1122.7,      360.85],
       [     1164.7,      708.13,        1231,       809.4],
       [      773.8,      370.33,      797.42,      430.57],
       [     314.59,      229.17,       334.6,      272.29],
       [     954.67,      225.72,      973.77,      275.92],
       [     778.31,      422.41,      805.99,      489.91],
       [     1224.3,       880.8,      1241.4,      898.74],
       [     1906.5,      381.63,        1920,      440.75]], dtype=float32), mask=None, confidence=array([    0.90563,     0.89954,      0.8943,     0.89246,     0.89154,     0.89142,     0.89102,     0.88968,     0.88489,     0.88018,     0.87806,      0.8761,     0.86607,     0.86443,     0.86233,      0.8577,     0.85618,      0.8408,     0.82535,      0.7368,     0.67493,     0.66712,     0.46155,     0.43039],
      dtype=float32), class_id=array([2, 2, 2, 2, 2, 2, 2, 2, 2, 2, 2, 2, 2, 2, 2, 3, 2, 2, 3, 3, 2, 2, 0, 1]), tracker_id=None, data={'class_name': array(['player', 'player', 'player', 'player', 'player', 'player', 'player', 'player', 'player', 'player', 'player', 'player', 'player', 'player', 'player', 'referee', 'player', 'player', 'referee', 'referee', 'player', 'player', 'ball', 'goalkeeper'], dtype='<U10')})
Detections(xyxy=array([[     1339.6,      446.04,      1379.4,      519.07],
       [     231.05,      516.61,      260.77,      597.22],
       [     630.09,      597.45,      664.03,      682.17],
       [     1602.5,      629.33,      1644.8,      719.61],
       [     894.19,      364.12,      920.66,      425.32],
       [       1010,      460.64,      1036.8,      528.91],
       [     910.94,      640.81,      972.39,       729.7],
       [     541.12,      690.97,      579.57,      786.66],
       [     1100.1,      310.13,      1123.3,       361.1],
       [     1287.2,      396.05,      1322.4,      467.65],
       [     1183.8,      356.63,        1211,      414.51],
       [     356.76,       735.4,      396.34,      839.95],
       [     339.92,      495.08,      379.83,      571.58],
       [     1248.1,      431.54,      1279.4,      504.08],
       [      372.6,       307.8,       398.5,      367.56],
       [     1851.9,      808.08,      1892.9,      918.24],
       [     1315.1,      829.93,      1391.3,      920.78],
       [     773.93,      370.47,      797.71,      430.66],
       [     1166.2,      709.16,      1227.1,      810.67],
       [     955.28,       226.4,      974.77,      276.09],
       [     314.62,      228.61,      334.32,      272.49],
       [      778.2,      422.19,      806.13,      489.85],
       [     1228.3,      884.31,      1244.3,      904.01],
       [     1906.6,      381.93,        1920,      440.24],
       [     1187.9,       350.3,      1214.5,      416.32]], dtype=float32), mask=None, confidence=array([    0.90213,     0.89394,      0.8935,     0.89324,     0.89299,      0.8929,     0.89262,     0.88551,      0.8844,     0.88008,     0.87752,     0.87514,     0.87137,      0.8665,     0.86489,     0.86447,     0.82778,     0.82698,      0.7993,     0.79377,     0.75338,     0.67018,     0.38381,     0.34637,
           0.13922], dtype=float32), class_id=array([2, 2, 2, 2, 2, 2, 2, 2, 2, 2, 2, 2, 2, 2, 2, 3, 2, 3, 2, 2, 3, 2, 0, 1, 2]), tracker_id=None, data={'class_name': array(['player', 'player', 'player', 'player', 'player', 'player', 'player', 'player', 'player', 'player', 'player', 'player', 'player', 'player', 'player', 'referee', 'player', 'referee', 'player', 'player', 'referee', 'player', 'ball', 'goalkeeper', 'player'], dtype='<U10')})
Detections(xyxy=array([[      232.3,      516.83,      262.27,      597.86],
       [     894.25,      365.44,      924.99,      425.93],
       [     1606.5,         631,      1647.1,      720.01],
       [      638.1,      599.76,      667.22,      682.19],
       [     1100.7,      309.77,      1124.9,      360.79],
       [     1341.4,      445.84,      1382.2,      519.75],
       [     1288.2,      396.94,      1324.1,      469.52],
       [     541.85,      692.76,      580.68,      787.85],
       [     355.12,       737.3,      396.79,      840.26],
       [     1248.3,      432.84,      1280.5,      504.61],
       [     1012.1,      460.57,      1038.6,      529.84],
       [     1852.5,      808.25,      1893.5,      918.23],
       [     339.91,      495.73,      382.21,      570.85],
       [        373,      308.22,      398.85,      368.01],
       [       1316,       832.5,      1374.6,      925.22],
       [     921.97,      644.89,      980.94,      728.49],
       [     774.25,      370.56,       798.5,      431.26],
       [     956.25,       226.3,      975.63,      275.82],
       [     1190.3,      357.76,      1213.5,      414.32],
       [     315.53,      229.36,      335.76,      273.23],
       [     1195.8,       711.5,      1237.6,       812.5],
       [     777.94,      422.68,      806.52,      493.53],
       [     1906.7,      382.17,        1920,      440.74]], dtype=float32), mask=None, confidence=array([    0.89702,     0.89548,     0.89269,     0.89134,       0.891,     0.88561,     0.88476,     0.88388,     0.87871,     0.87846,      0.8767,     0.87443,     0.87031,     0.86702,     0.85782,     0.84643,     0.84346,     0.82078,     0.81039,      0.7737,     0.76133,     0.72584,     0.19913],       
      dtype=float32), class_id=array([2, 2, 2, 2, 2, 2, 2, 2, 2, 2, 2, 3, 2, 2, 2, 2, 3, 2, 2, 3, 2, 2, 1]), tracker_id=None, data={'class_name': array(['player', 'player', 'player', 'player', 'player', 'player', 'player', 'player', 'player', 'player', 'player', 'referee', 'player', 'player', 'player', 'player', 'referee', 'player', 'player', 'referee', 'player', 'player', 'goalkeeper'], dtype='<U10')})       
Detections(xyxy=array([[     233.29,      517.16,      263.73,      598.07],
       [     541.39,      694.43,      581.31,      789.38],
       [     643.45,      600.12,      672.32,      682.45],
       [     1101.8,       310.8,      1126.1,      361.16],
       [     1249.4,      433.35,      1284.8,      504.93],
       [     340.17,      497.71,      384.26,      570.96],
       [     894.69,      365.31,      928.03,      427.57],
       [     1344.1,         447,        1385,         520],
       [     1291.2,      397.84,      1324.4,      468.98],
       [     1852.3,       808.3,      1894.9,      918.77],
       [     1609.7,      631.59,      1649.5,      719.43],
       [     353.72,      738.38,      396.61,      840.68],
       [     373.43,      308.91,      399.01,      368.96],
       [     1196.2,       358.9,      1215.3,       415.1],
       [     1013.2,      461.12,        1041,      531.01],
       [     937.69,       646.9,      991.66,      735.06],
       [     774.49,      371.02,      798.75,      430.76],
       [     957.63,      227.25,      976.07,      275.75],
       [     1313.1,      834.05,      1356.1,      925.32],
       [     316.83,       230.2,       336.8,      273.24],
       [     778.02,      421.88,      806.53,      494.06],
       [     1203.9,      711.89,      1248.4,      812.05]], dtype=float32), mask=None, confidence=array([    0.89734,     0.89624,     0.89558,     0.89323,     0.89271,      0.8896,     0.88849,     0.88242,     0.88226,      0.8806,     0.87729,     0.87686,     0.87171,     0.86363,     0.85996,     0.85436,     0.83586,     0.82751,     0.82089,     0.70809,     0.69814,     0.69471], dtype=float32), class_id=array([2, 2, 2, 2, 2, 2, 2, 2, 2, 3, 2, 2, 2, 2, 2, 2, 3, 2, 2, 3, 2, 2]), tracker_id=None, data={'class_name': array(['player', 'player', 'player', 'player', 'player', 'player', 'player', 'player', 'player', 'referee', 'player', 'player', 'player', 'player', 'player', 'player', 'referee', 'player', 'player', 'referee', 'player', 'player'], dtype='<U7')})
Detections(xyxy=array([[     1102.9,       311.6,        1128,      361.89],
       [     233.77,      517.22,         265,      597.99],
       [     541.68,      696.31,      581.87,      791.74],
       [     896.05,      366.77,      928.01,      427.04],
       [     1346.5,      448.61,      1388.2,      520.92],
       [     1250.2,      434.85,      1286.9,      504.78],
       [     648.13,      599.38,      677.64,      681.35],
       [     1013.7,      461.25,      1044.3,      531.72],
       [     351.05,      739.71,      395.23,      841.21],
       [     340.86,      497.83,      386.25,      573.66],
       [     373.42,      309.43,      399.27,      368.62],
       [     1612.1,      632.39,      1650.3,      722.64],
       [     1199.5,      358.19,        1219,      414.65],
       [     941.27,      649.37,      995.87,      737.67],
       [     1852.9,       810.8,      1896.4,      918.96],
       [       1294,      397.49,      1325.1,      468.84],
       [     774.67,      371.13,      799.36,      429.95],
       [     957.98,      227.03,      976.39,      275.84],
       [     1289.5,      835.67,      1358.4,      927.34],
       [     777.43,      422.99,       806.7,      495.19],
       [     1205.5,      716.37,      1259.8,      815.17],
       [     318.71,      228.82,      339.39,      272.68]], dtype=float32), mask=None, confidence=array([    0.90015,     0.89691,     0.89353,     0.89056,     0.89015,      0.8877,     0.88724,     0.88578,     0.88232,      0.8813,     0.87258,     0.86903,     0.86434,     0.86276,     0.86006,     0.85473,     0.84633,     0.84175,     0.82791,     0.75784,     0.75144,      0.5945], dtype=float32), class_id=array([2, 2, 2, 2, 2, 2, 2, 2, 2, 2, 2, 2, 2, 2, 3, 2, 3, 2, 2, 2, 2, 3]), tracker_id=None, data={'class_name': array(['player', 'player', 'player', 'player', 'player', 'player', 'player', 'player', 'player', 'player', 'player', 'player', 'player', 'player', 'referee', 'player', 'referee', 'player', 'player', 'player', 'player', 'referee'], dtype='<U7')})
Detections(xyxy=array([[     234.42,      517.36,      267.21,      597.38],
       [     900.21,      366.21,      928.66,      426.74],
       [     348.43,      739.92,      394.45,      840.97],
       [     542.18,      698.21,      583.36,      796.42],
       [     341.95,      499.72,      386.14,      574.18],
       [     650.89,      599.41,      684.08,      685.62],
       [     1614.9,       635.1,      1653.9,      730.63],
       [     1106.3,       312.9,      1129.3,       362.1],
       [     373.26,       309.9,      399.32,      369.58],
       [     1252.4,      434.87,      1289.8,      505.53],
       [     1014.3,      461.32,      1046.7,      533.06],
       [     1201.2,      356.99,        1222,      413.98],
       [     1852.5,       810.3,      1899.1,      919.46],
       [     1275.7,      833.48,      1355.4,      925.55],
       [       1356,      448.39,      1391.5,      521.53],
       [     954.72,      653.23,        1003,      737.78],
       [     959.04,      225.36,      977.27,      275.62],
       [        775,      371.37,      800.48,      430.16],
       [       1297,      397.74,      1326.4,      467.43],
       [     1204.4,      718.66,      1269.5,      816.83],
       [     777.19,      424.12,      807.29,      493.09],
       [      318.9,      228.22,      339.67,      272.08],
       [       1207,       748.5,      1269.7,      818.88]], dtype=float32), mask=None, confidence=array([    0.90401,     0.89748,     0.88959,     0.88561,     0.88443,     0.88134,     0.88111,     0.87883,     0.87577,     0.87149,     0.87123,     0.86855,     0.86805,     0.86389,      0.8601,     0.85959,     0.85626,     0.85391,     0.84718,      0.7761,     0.73093,     0.52128,     0.22594],       
      dtype=float32), class_id=array([2, 2, 2, 2, 2, 2, 2, 2, 2, 2, 2, 2, 3, 2, 2, 2, 2, 3, 2, 2, 2, 3, 2]), tracker_id=None, data={'class_name': array(['player', 'player', 'player', 'player', 'player', 'player', 'player', 'player', 'player', 'player', 'player', 'player', 'referee', 'player', 'player', 'player', 'player', 'referee', 'player', 'player', 'player', 'referee', 'player'], dtype='<U7')})
Detections(xyxy=array([[     235.19,      517.95,      267.99,      597.49],
       [     903.39,       365.7,      930.82,      426.47],
       [     541.33,      701.53,      584.86,       798.2],
       [     1108.1,       314.7,      1130.5,      362.15],
       [     651.52,      599.84,      690.18,      687.63],
       [     346.02,      739.26,      392.08,      840.96],
       [     1017.6,      463.69,      1050.2,      534.72],
       [     1614.8,      637.39,      1657.1,      738.16],
       [     1201.2,      356.83,      1225.1,      414.28],
       [     342.57,       499.9,      386.99,      572.59],
       [     373.55,      310.27,      398.81,      369.75],
       [     1255.2,      434.54,      1290.3,       505.6],
       [     1364.1,      450.82,      1394.2,      521.98],
       [     961.26,      653.52,      1009.8,      738.45],
       [     1852.4,      807.16,      1899.8,      919.35],
       [     959.87,       225.1,      977.79,      276.06],
       [     775.59,       372.3,      799.84,      429.07],
       [     1299.8,      398.05,      1327.2,      467.82],
       [     1270.3,      832.33,      1348.3,      921.05],
       [     1207.2,      720.78,      1266.8,      814.68],
       [     777.66,      425.71,      808.62,      488.66],
       [     318.93,      227.54,      340.57,      271.68],
       [     1210.4,      744.43,      1273.9,      820.73],
       [     1247.6,      905.02,      1263.6,      922.06]], dtype=float32), mask=None, confidence=array([    0.90193,     0.89368,     0.89023,     0.88211,     0.88199,     0.88113,     0.88069,     0.88067,     0.87832,     0.87759,     0.87624,     0.86959,     0.86788,     0.86763,     0.86534,     0.84488,     0.83749,     0.83519,     0.77383,     0.75638,     0.75606,     0.53557,     0.46393,      0.2437],
      dtype=float32), class_id=array([2, 2, 2, 2, 2, 2, 2, 2, 2, 2, 2, 2, 2, 2, 3, 2, 3, 2, 2, 2, 2, 3, 2, 0]), tracker_id=None, data={'class_name': array(['player', 'player', 'player', 'player', 'player', 'player', 'player', 'player', 'player', 'player', 'player', 'player', 'player', 'player', 'referee', 'player', 'referee', 'player', 'player', 'player', 'player', 'referee', 'player', 'ball'], dtype='<U7')}) 
Detections(xyxy=array([[     907.62,      364.75,         931,      428.36],
       [     235.96,      518.35,       270.1,      597.27],
       [     538.67,      703.22,      588.19,       797.5],
       [     653.35,      602.54,      699.15,      687.23],
       [     967.94,      652.97,      1013.1,      737.77],
       [     1257.8,      434.94,      1291.9,      505.88],
       [     1020.8,      464.96,      1051.8,      534.65],
       [     1369.9,      450.46,      1396.8,      521.11],
       [      373.9,      310.85,      399.17,      370.35],
       [     342.99,      737.36,      388.04,      841.29],
       [     1201.3,      355.37,      1230.1,      415.83],
       [     1108.6,      315.04,      1133.9,      362.33],
       [     347.47,      500.32,      387.26,      574.82],
       [     1616.1,      642.93,      1660.5,      740.21],
       [     776.13,      373.67,      798.68,      430.05],
       [     1301.7,      397.84,      1329.4,      468.73],
       [     1854.1,      808.68,        1900,      918.13],
       [     960.82,      225.22,      978.98,      276.21],
       [     1221.8,      720.93,      1282.6,       820.8],
       [     778.04,      424.94,      809.76,      491.77],
       [     319.25,      227.57,      341.36,      271.94],
       [     1253.6,         834,      1341.3,      924.05]], dtype=float32), mask=None, confidence=array([    0.91243,     0.90321,     0.90055,     0.89548,     0.88697,     0.88303,     0.88109,     0.87855,     0.87702,     0.87549,     0.87412,     0.87323,     0.87175,     0.87053,     0.83998,     0.83544,     0.83524,      0.8291,     0.78677,     0.77235,     0.66872,     0.50899], dtype=float32), class_id=array([2, 2, 2, 2, 2, 2, 2, 2, 2, 2, 2, 2, 2, 2, 3, 2, 3, 2, 2, 2, 3, 2]), tracker_id=None, data={'class_name': array(['player', 'player', 'player', 'player', 'player', 'player', 'player', 'player', 'player', 'player', 'player', 'player', 'player', 'player', 'referee', 'player', 'referee', 'player', 'player', 'player', 'referee', 'player'], dtype='<U7')})
Detections(xyxy=array([[     656.02,      604.58,      705.78,      690.04],
       [     236.28,       518.7,      272.86,      599.44],
       [     341.73,      735.82,      386.28,       842.1],
       [     974.84,      654.62,      1017.3,      739.78],
       [      909.9,      364.94,      933.58,      427.99],
       [     1263.1,       435.5,      1291.7,      505.64],
       [     349.76,      500.39,      386.45,      574.61],
       [     539.44,      706.26,      591.59,      797.96],
       [     1371.9,      450.66,      1400.5,      520.94],
       [     1203.5,      354.81,      1233.6,      416.63],
       [     374.15,      311.18,      399.17,      371.11],
       [       1109,       315.7,      1136.6,      362.67],
       [       1618,       646.4,      1667.9,      744.11],
       [     1023.1,      465.92,        1055,      534.33],
       [     776.86,      373.97,      798.95,      430.58],
       [     1854.5,      808.67,      1901.5,      917.78],
       [     1303.4,      398.16,      1329.8,      468.32],
       [     962.64,      224.51,      980.66,      275.73],
       [     1226.7,      721.25,      1281.7,      817.01],
       [      779.3,      423.56,      810.28,      494.51],
       [     1244.8,      830.47,        1328,      923.28],
       [     318.92,      227.73,      341.13,      271.84]], dtype=float32), mask=None, confidence=array([    0.90936,     0.90352,      0.8948,     0.89363,     0.89073,     0.88883,     0.88708,     0.88336,      0.8827,     0.88011,      0.8785,      0.8778,     0.87283,     0.87021,     0.82959,     0.82017,     0.81892,     0.81593,     0.78693,     0.77867,     0.68382,     0.65629], dtype=float32), class_id=array([2, 2, 2, 2, 2, 2, 2, 2, 2, 2, 2, 2, 2, 2, 3, 3, 2, 2, 2, 2, 2, 3]), tracker_id=None, data={'class_name': array(['player', 'player', 'player', 'player', 'player', 'player', 'player', 'player', 'player', 'player', 'player', 'player', 'player', 'player', 'referee', 'referee', 'player', 'player', 'player', 'player', 'player', 'referee'], dtype='<U7')})
Detections(xyxy=array([[     236.99,      518.77,      273.94,      599.99],
       [     912.26,      364.13,      935.86,      428.02],
       [     662.68,      605.58,      705.84,      691.43],
       [     340.45,      736.28,      383.02,      842.27],
       [     539.84,      706.55,      593.68,      797.63],
       [     352.75,      500.55,      385.44,      574.83],
       [     1203.6,       355.9,      1237.8,      416.72],
       [     1370.9,      450.43,      1403.9,       521.7],
       [     374.28,      311.25,      399.11,      371.23],
       [     981.08,      653.65,      1024.1,      744.37],
       [     1619.3,       648.4,      1669.4,      749.58],
       [     1024.8,      466.72,      1056.6,      534.95],
       [       1267,      434.95,      1293.1,      505.63],
       [     1109.2,       315.4,      1139.4,      362.59],
       [     1231.7,      720.57,      1293.3,      832.27],
       [     776.76,      374.59,      799.33,       431.5],
       [     1854.9,      809.14,        1902,      916.54],
       [     781.25,      424.46,      811.54,      499.22],
       [     1305.7,      398.16,      1331.3,      467.15],
       [     963.11,      223.65,      980.88,      276.16],
       [     1241.5,      830.51,        1302,      917.69],
       [     319.31,      227.78,      341.39,      272.07],
       [     1237.5,      830.52,      1291.1,      906.69]], dtype=float32), mask=None, confidence=array([    0.90725,     0.90701,     0.90628,     0.90022,     0.89539,     0.89346,     0.88927,     0.88572,     0.87965,      0.8758,     0.87502,     0.86929,     0.86757,     0.86708,     0.86396,      0.8097,     0.80289,     0.79517,     0.78542,     0.76708,     0.66327,     0.45444,     0.45247],       
      dtype=float32), class_id=array([2, 2, 2, 2, 2, 2, 2, 2, 2, 2, 2, 2, 2, 2, 2, 3, 3, 2, 2, 2, 2, 3, 2]), tracker_id=None, data={'class_name': array(['player', 'player', 'player', 'player', 'player', 'player', 'player', 'player', 'player', 'player', 'player', 'player', 'player', 'player', 'player', 'referee', 'referee', 'player', 'player', 'player', 'player', 'referee', 'player'], dtype='<U7')})
Detections(xyxy=array([[     539.86,      705.03,      597.78,      797.88],
       [     237.82,      518.82,      273.91,      599.53],
       [     914.28,      364.37,      936.98,      429.05],
       [     338.98,      736.52,      380.32,      841.65],
       [     356.64,      500.93,      386.65,      575.43],
       [     669.04,      607.19,       709.4,      692.69],
       [       1026,      467.48,      1057.3,      533.98],
       [     1371.7,      449.87,      1409.8,      521.34],
       [     1110.2,       315.2,      1144.5,      362.24],
       [     985.93,      658.27,      1036.8,      748.18],
       [     374.59,      311.16,      399.85,      371.76],
       [     1615.7,      651.59,      1671.2,      749.67],
       [     1206.6,      356.94,      1239.3,      416.65],
       [     1270.9,      433.63,      1295.3,       505.2],
       [     783.13,      425.29,      812.21,      500.11],
       [       1239,      833.07,      1277.7,      927.71],
       [     1854.6,      808.68,      1902.6,      916.21],
       [     1239.8,      744.92,      1294.9,      833.53],
       [     1307.3,      397.22,      1334.3,      467.74],
       [      777.3,      375.57,      801.24,      433.36],
       [      963.2,      223.65,      982.62,      275.48],
       [       1235,      718.85,      1290.8,      828.88],
       [     319.19,      227.56,      341.92,      271.91],
       [     1202.4,       902.9,      1221.6,      922.89],
       [     1889.5,      409.86,      1909.9,       446.1]], dtype=float32), mask=None, confidence=array([    0.90835,     0.90745,     0.89575,     0.89546,     0.89226,     0.88699,     0.88531,     0.88512,     0.88442,     0.88186,     0.87955,     0.86991,     0.86752,      0.8632,     0.82547,     0.82454,     0.81597,     0.81341,     0.80482,     0.77446,     0.76645,     0.41732,     0.38708,     0.36647,
           0.14467], dtype=float32), class_id=array([2, 2, 2, 2, 2, 2, 2, 2, 2, 2, 2, 2, 2, 2, 2, 2, 3, 2, 2, 3, 2, 2, 3, 0, 1]), tracker_id=None, data={'class_name': array(['player', 'player', 'player', 'player', 'player', 'player', 'player', 'player', 'player', 'player', 'player', 'player', 'player', 'player', 'player', 'player', 'referee', 'player', 'player', 'referee', 'player', 'player', 'referee', 'ball', 'goalkeeper'], dtype='<U10')})
Detections(xyxy=array([[     1372.3,      449.24,      1414.9,      522.64],
       [     540.47,      703.47,      600.67,      797.58],
       [     1854.4,      808.39,      1903.3,      915.96],
       [     1248.3,      757.54,      1294.1,      838.89],
       [     777.72,      376.51,      801.38,      435.59],
       [     319.34,      228.87,      341.81,      272.16],
       [     1243.3,      717.61,      1292.5,       796.5],
       [     1184.1,      902.33,      1201.8,      920.63],
       [     1889.2,      409.08,      1910.9,      446.08]], dtype=float32), mask=None, confidence=array([    0.90813,     0.90606,     0.90423,     0.90339,     0.89547,     0.88875,     0.88809,     0.88416,     0.88349,     0.88341,     0.88239,     0.87077,     0.86996,     0.86886,     0.86242,     0.85883,     0.83289,     0.82805,     0.81433,     0.79681,     0.74023,     0.48613,     0.42373,     0.41454,
           0.22557], dtype=float32), class_id=array([2, 2, 2, 2, 2, 2, 2, 2, 2, 2, 2, 2, 2, 2, 2, 2, 2, 2, 3, 2, 3, 3, 2, 0, 1]), tracker_id=None, data={'class_name': array(['player', 'player', 'player', 'player', 'player', 'player', 'player', 'player', 'player', 'player', 'player', 'player', 'player', 'player', 'player', 'player', 'player', 'player', 'referee', 'player', 'referee', 'referee', 'player', 'ball', 'goalkeeper'], dtype='<U10')})
PS C:\Users\Dell\Desktop\footballAI> 